0

1
1,5
2

3

4

5
5,5
6
6,5

7

8

9
9,5
10

11

12

13

14

15
15,5
16
16,5
17

19
19,5
20
20,5
21

22

23
23,5
24
24,5
25

27
27,5
28
28,5
29

30

31
31,5
32
32,5
33

35
35,5
36
36,5
37

38

39

40
40,5
41

43
43,5
44
44,5
45
45,5

47

49,5

51

53,5

55

57,5

59

61,5

62,25
62,75
63,25
64

65,5

67

69,5
70

71
71,5
72

73,5

75

77
77,5
78
78,5
79

80
80,5
81

81,75

82,5
83

84
84,5
85
85,75
86,5
87

89
89,75
90,5
91

92
92,5
93

95

96

97,5
98
98,5
99
100

103

104

105,5
106
106,5
107
108

111
111,75
112,5

114

115

116,5

117,5

119
119,75
120,5

122

123

124,5

125,5

127
127,5
128
128,5

129,5
130

131

132

133
133,5
134
134,5
135

136
136,5
137
137,5
138

139
139,5
140

140,75
141,5
142

143

144

145
145,5
146

147

148

149
149,5
150
150,5
151

152

153
153,5
154

155
155,5
156
156,5
157
157,5
158

159
159,5

161,5
162,25
163
163,5

165,5

166,5
167

169,5
170

171
171,75

173,5
174
174,5
175
175,5

177,5

179
179,5

181,5
182,25
183
183,5

185,5
186
186,5
187
187,75
188,5

191
191,5
192
192,5
193
193,5
194

195
195,25
195,5
195,75
196
196,25
196,5

197
197,5
198

199

200
200,25
200,5
200,75
201
201,25
201,5
201,75
202

203
203,25
203,5
203,75
204
204,25
204,5
204,75
205
205,25
205,5
205,75
206
206,25
206,5
206,75
207

211
211,125
211,25
211,375
211,5
211,625
211,75
211,875
212
212,125
212,25
212,375
212,5
212,625
212,75
212,875
213
213,125
213,25
213,375
213,5
213,625
213,75
213,875
214
214,125
214,25
214,375
214,5
214,625
214,75
214,875
215
215,125
215,25
215,375
215,5
215,625
215,75
215,875
